   1.0000000e+00
   1.0000000e+00
   1.0000000e+00
   1.0000000e+00
   1.0000000e+00
   1.0000000e+00
   1.0000000e+00
   1.0000000e+00
   1.0000000e+00
   1.0000000e+00
   1.0000000e+00
   1.0000000e+00
   1.0000000e+00
   1.0000000e+00
   1.0000000e+00
   1.0000000e+00
   1.0000000e+00
   1.0000000e+00
   1.0000000e+00
   1.0000000e+00
   1.0000000e+00
   1.0000000e+00
   1.0000000e+00
   1.6439948e+01
   1.0000047e+00
   1.2096676e-01
   2.0855347e-01
   9.9999999e-01
   1.0000000e+00
   1.0000000e+00
   1.0000000e+00
   1.0000000e+00
   1.0000000e+00
   1.0000000e+00
   1.0000000e+00
   4.2390489e+01
   2.6167685e+01
   3.7832682e+01
   3.0700587e+01
   9.4765889e+00
   2.7186120e+01
   2.6276277e+01
   3.1848357e+01
   2.3535467e+01
   2.7941694e+01
   1.0000000e+00
   1.0000000e+00
   1.0000000e+00
   1.0000000e+00
   1.0000000e+00
   1.0000000e+00
   1.0000000e+00
   1.0000000e+00
   1.0000000e+00
   1.0000000e+00
   1.0000000e+00
   1.0000000e+00
   1.0000000e+00
   1.0000000e+00
   1.0000000e+00
   1.0000000e+00
   1.0000000e+00
   1.0000000e+00
   1.0000000e+00
   1.0000000e+00
   1.0000000e+00
   1.0000000e+00
   1.0000000e+00
   1.0000000e+00
   1.0000000e+00
   1.0000000e+00
   1.6335783e+01
   9.9332867e-01
   1.2012090e-01
   2.0743194e-01
   9.9793380e-01
   1.0000000e+00
   1.0000000e+00
   1.0000000e+00
   1.0000000e+00
   1.0000000e+00
   1.0000000e+00
   1.0000000e+00
   4.2428578e+01
   2.6005406e+01
   3.8081543e+01
   3.0781916e+01
   9.0804340e+00
   2.5559241e+01
   2.6107216e+01
   3.1772181e+01
   2.3791330e+01
   2.7172089e+01
   1.0000000e+00
   1.0000000e+00
   1.0000000e+00
   1.0000000e+00
   1.0000000e+00
   1.0000000e+00
   1.0000000e+00
   1.0000000e+00
   1.0000000e+00
   1.0000000e+00
   1.0000000e+00
   1.0000000e+00
   1.0000000e+00
   1.0000000e+00
   1.0000000e+00
   1.0000000e+00
   1.0000000e+00
   1.0000000e+00
   1.0000000e+00
   1.0000000e+00
   1.0000000e+00
   1.0000000e+00
   1.0000000e+00
   1.0000000e+00
   1.0000000e+00
   1.0000000e+00
   1.6352444e+01
   1.0063036e+00
   1.2180429e-01
   2.0941988e-01
   9.9921767e-01
   1.0000000e+00
   1.0000000e+00
   1.0000000e+00
   1.0000000e+00
   1.0000000e+00
   1.0000000e+00
   1.0000000e+00
   4.1708337e+01
   2.5843196e+01
   3.7394957e+01
   3.0425820e+01
   9.0282956e+00
   2.6529599e+01
   2.6119175e+01
   3.1542796e+01
   2.2935043e+01
   2.7696996e+01
   1.0000000e+00
   1.0000000e+00
   1.0000000e+00
   1.0000000e+00
   1.0000000e+00
   1.0000000e+00
   1.0000000e+00
   1.0000000e+00
   1.0000000e+00
   1.0000000e+00
   1.0000000e+00
   1.0000000e+00
   1.0000000e+00
   1.0000000e+00
   1.0000000e+00
   1.0000000e+00
   1.0000000e+00
   1.0000000e+00
   1.0000000e+00
   1.0000000e+00
   1.0000000e+00
   1.0000000e+00
   1.0000000e+00
   1.0000000e+00
   1.0000000e+00
   1.0000000e+00
   1.5768113e+01
   1.0107148e+00
   1.2392872e-01
   2.1213282e-01
   9.8187497e-01
   1.0000000e+00
   1.0000000e+00
   1.0000000e+00
   1.0000000e+00
   1.0000000e+00
   1.0000000e+00
   1.0000000e+00
   3.6990037e+01
   2.1929934e+01
   3.3930961e+01
   2.6478284e+01
   7.2620533e+00
   1.9880974e+01
   2.3048581e+01
   2.8009851e+01
   2.0616392e+01
   2.1458789e+01
   1.0000000e+00
   1.0000000e+00
   1.0000000e+00
   1.0000000e+00
   1.0000000e+00
   1.0000000e+00
   1.0000000e+00
   1.0000000e+00
   1.0000000e+00
   1.0000000e+00
   1.0000000e+00
   1.0000000e+00
   1.0000000e+00
   1.0000000e+00
   1.0000000e+00
   1.0000000e+00
   1.0000000e+00
   1.0000000e+00
   1.0000000e+00
   1.0000000e+00
   1.0000000e+00
   1.0000000e+00
   1.0000000e+00
   1.0000000e+00
   1.0000000e+00
   1.0000000e+00
   1.5695712e+01
   1.0136663e+00
   1.2424204e-01
   2.1249843e-01
   9.8213581e-01
   1.0000000e+00
   1.0000000e+00
   1.0000000e+00
   1.0000000e+00
   1.0000000e+00
   1.0000000e+00
   1.0000000e+00
   3.8523081e+01
   2.3220884e+01
   3.4929985e+01
   2.7699022e+01
   7.9477124e+00
   2.2500803e+01
   2.3809263e+01
   2.8822480e+01
   2.1531609e+01
   2.4107471e+01
   1.0000000e+00
   1.0000000e+00
   1.0000000e+00
   1.0000000e+00
   1.0000000e+00
   1.0000000e+00
   1.0000000e+00
   1.0000000e+00
   1.0000000e+00
   1.0000000e+00
   1.0000000e+00
   1.0000000e+00
   1.0000000e+00
   1.0000000e+00
   1.0000000e+00
   1.0000000e+00
   1.0000000e+00
   1.0000000e+00
   1.0000000e+00
   1.0000000e+00
   1.0000000e+00
   1.0000000e+00
   1.0000000e+00
   1.0000000e+00
   1.0000000e+00
   1.0000000e+00
   1.5757246e+01
   9.9871124e-01
   1.2309746e-01
   2.0983123e-01
   9.7567947e-01
   1.0000000e+00
   1.0000000e+00
   1.0000000e+00
   1.0000000e+00
   1.0000000e+00
   1.0000000e+00
   1.0000000e+00
   3.8862280e+01
   2.3302638e+01
   3.5081550e+01
   2.7592544e+01
   8.1243597e+00
   2.3047756e+01
   2.4071390e+01
   2.8512952e+01
   2.1661473e+01
   2.4348801e+01
   1.0000000e+00
   1.0000000e+00
   1.0000000e+00
   1.0000000e+00
   1.0000000e+00
   1.0000000e+00
   1.0000000e+00
   1.0000000e+00
   1.0000000e+00
   1.0000000e+00
   1.0000000e+00
   1.0000000e+00
   1.0000000e+00
   1.0000000e+00
   1.0000000e+00
   1.0000000e+00
   1.0000000e+00
   1.0000000e+00
   1.0000000e+00
   1.0000000e+00
   1.0000000e+00
   1.0000000e+00
   1.0000000e+00
   1.0000000e+00
   1.0000000e+00
   1.0000000e+00
   1.5598848e+01
   9.9665713e-01
   1.2260315e-01
   2.0847522e-01
   9.7022443e-01
   1.0000000e+00
   1.0000000e+00
   1.0000000e+00
   1.0000000e+00
   1.0000000e+00
   1.0000000e+00
   1.0000000e+00
   3.8528418e+01
   2.3180103e+01
   3.4838171e+01
   2.7428563e+01
   8.1425422e+00
   2.3479436e+01
   2.3881525e+01
   2.8197471e+01
   2.1397608e+01
   2.4991067e+01
   1.0000000e+00
   1.0000000e+00
   1.0000000e+00
   1.0000000e+00
   1.0000000e+00
   1.0000000e+00
   1.0000000e+00
   1.0000000e+00
   1.0000000e+00
   1.0000000e+00
   1.0000000e+00
   1.0000000e+00
   1.0000000e+00
   1.0000000e+00
   1.0000000e+00
   1.0000000e+00
   1.0000000e+00
   1.0000000e+00
   1.0000000e+00
   1.0000000e+00
   1.0000000e+00
   1.0000000e+00
   1.0000000e+00
   1.0000000e+00
   1.0000000e+00
   1.0000000e+00
   1.5462394e+01
   9.9577425e-01
   1.2246004e-01
   2.0902257e-01
   9.5876143e-01
   1.0000000e+00
   1.0000000e+00
   1.0000000e+00
   1.0000000e+00
   1.0000000e+00
   1.0000000e+00
   1.0000000e+00
   3.7739955e+01
   2.2602038e+01
   3.4073654e+01
   2.6696780e+01
   8.1026773e+00
   2.3392188e+01
   2.3506215e+01
   2.7424625e+01
   2.0954114e+01
   2.4521883e+01
   1.0000000e+00
   1.0000000e+00
   1.0000000e+00
   1.0000000e+00
   1.0000000e+00
   1.0000000e+00
   1.0000000e+00
   1.0000000e+00
   1.0000000e+00
   1.0000000e+00
   1.0000000e+00
   1.0000000e+00
   1.0000000e+00
   1.0000000e+00
   1.0000000e+00
   1.0000000e+00
   1.0000000e+00
   1.0000000e+00
   1.0000000e+00
   1.0000000e+00
   1.0000000e+00
   1.0000000e+00
   1.0000000e+00
   1.0000000e+00
   1.0000000e+00
   1.0000000e+00
   1.5298200e+01
   9.9579385e-01
   1.2281954e-01
   2.0919256e-01
   9.5799170e-01
   1.0000000e+00
   1.0000000e+00
   1.0000000e+00
   1.0000000e+00
   1.0000000e+00
   1.0000000e+00
   1.0000000e+00
   3.7607255e+01
   2.2582465e+01
   3.3939073e+01
   2.6605590e+01
   8.0588054e+00
   2.3438166e+01
   2.3453846e+01
   2.7409070e+01
   2.0673955e+01
   2.4602145e+01
   1.0000000e+00
   1.0000000e+00
   1.0000000e+00
   1.0000000e+00
   1.0000000e+00
   1.0000000e+00
   1.0000000e+00
   1.0000000e+00
   1.0000000e+00
   1.0000000e+00
   1.0000000e+00
   1.0000000e+00
   1.0000000e+00
   1.0000000e+00
   1.0000000e+00
   1.0000000e+00
   1.0000000e+00
   1.0000000e+00
   1.0000000e+00
   1.0000000e+00
   1.0000000e+00
   1.0000000e+00
   1.0000000e+00
   1.0000000e+00
   1.0000000e+00
   1.0000000e+00
   1.5293123e+01
   9.9397388e-01
   1.2260222e-01
   2.0974097e-01
   9.6179797e-01
   1.0000000e+00
   1.0000000e+00
   1.0000000e+00
   1.0000000e+00
   1.0000000e+00
   1.0000000e+00
   1.0000000e+00
   3.6845332e+01
   2.2100066e+01
   3.3116615e+01
   2.5970121e+01
   7.9843160e+00
   2.3056793e+01
   2.2989177e+01
   2.6750431e+01
   2.0103767e+01
   2.4253282e+01
   1.0000000e+00
   1.0000000e+00
   1.0000000e+00
   1.0000000e+00
   1.0000000e+00
   1.0000000e+00
   1.0000000e+00
   1.0000000e+00
   1.0000000e+00
   1.0000000e+00
   1.0000000e+00
   1.0000000e+00
   1.0000000e+00
   1.0000000e+00
   1.0000000e+00
   1.0000000e+00
   1.0000000e+00
   1.0000000e+00
   1.0000000e+00
   1.0000000e+00
   1.0000000e+00
   1.0000000e+00
   1.0000000e+00
   1.0000000e+00
   1.0000000e+00
   1.0000000e+00
   1.5239145e+01
   9.9688443e-01
   1.2322187e-01
   2.1005057e-01
   9.6264550e-01
   1.0000000e+00
   1.0000000e+00
   1.0000000e+00
   1.0000000e+00
   1.0000000e+00
   1.0000000e+00
   1.0000000e+00
   3.6528888e+01
   2.2020129e+01
   3.2703220e+01
   2.5759348e+01
   8.0464344e+00
   2.3081600e+01
   2.2788612e+01
   2.6533145e+01
   1.9878696e+01
   2.3955203e+01
   1.0000000e+00
   1.0000000e+00
   1.0000000e+00
