   0.0000000e+00
  -1.1094421e-01
   0.0000000e+00
   8.2822362e-02
   0.0000000e+00
   4.6982434e-01
   0.0000000e+00
   0.0000000e+00
   0.0000000e+00
   0.0000000e+00
   0.0000000e+00
   0.0000000e+00
   0.0000000e+00
   0.0000000e+00
   0.0000000e+00
  -2.2890221e-02
   0.0000000e+00
   0.0000000e+00
   0.0000000e+00
   2.4591297e-01
   8.5402260e-01
   0.0000000e+00
  -1.2891148e+00
   0.0000000e+00
   5.5209716e-01
   4.6607980e-01
   0.0000000e+00
   1.0178876e+00
  -1.2454514e-01
   2.2108374e-01
   0.0000000e+00
   0.0000000e+00
   0.0000000e+00
   0.0000000e+00
   0.0000000e+00
   0.0000000e+00
   3.0993164e-01
   0.0000000e+00
   2.8706289e-01
   0.0000000e+00
  -2.0940723e-02
   0.0000000e+00
  -1.4420028e-01
   0.0000000e+00
   4.6918488e-02
   0.0000000e+00
   0.0000000e+00
   0.0000000e+00
   2.8736904e-01
   3.9971967e-02
   0.0000000e+00
   0.0000000e+00
   9.0754875e-03
   0.0000000e+00
   1.2362863e-01
   0.0000000e+00
   0.0000000e+00
   0.0000000e+00
   0.0000000e+00
  -2.0893107e-02
  -1.2744339e-01
   0.0000000e+00
  -5.1373118e-02
   0.0000000e+00
   0.0000000e+00
   0.0000000e+00
   0.0000000e+00
   0.0000000e+00
  -2.3174650e-01
   2.3474127e-01
   0.0000000e+00
  -1.2476201e-02
   8.7707767e-02
   0.0000000e+00
  -1.1522249e-01
  -3.4287105e-02
   0.0000000e+00
   0.0000000e+00
   0.0000000e+00
   0.0000000e+00
   0.0000000e+00
   0.0000000e+00
  -2.3263229e-02
   0.0000000e+00
   0.0000000e+00
   0.0000000e+00
   2.1353524e-02
   0.0000000e+00
   0.0000000e+00
   1.0744245e-01
   0.0000000e+00
  -1.0878375e-01
   1.1812449e-01
   0.0000000e+00
   0.0000000e+00
   0.0000000e+00
   0.0000000e+00
   2.2100636e-01
   0.0000000e+00
   0.0000000e+00
   0.0000000e+00
   0.0000000e+00
   0.0000000e+00
   0.0000000e+00
   2.2715545e-01
   0.0000000e+00
  -1.6354757e-01
  -2.8681711e-01
  -9.0162399e-02
   0.0000000e+00
   0.0000000e+00
   0.0000000e+00
   0.0000000e+00
   0.0000000e+00
   0.0000000e+00
   0.0000000e+00
   0.0000000e+00
   0.0000000e+00
   0.0000000e+00
   0.0000000e+00
   3.1982181e-02
   0.0000000e+00
   0.0000000e+00
  -3.2939373e-01
   3.1347802e-01
   0.0000000e+00
   0.0000000e+00
   1.8347647e-01
   0.0000000e+00
   0.0000000e+00
   0.0000000e+00
   0.0000000e+00
   0.0000000e+00
   0.0000000e+00
   2.8892002e-03
   0.0000000e+00
   0.0000000e+00
   0.0000000e+00
   0.0000000e+00
  -3.6579836e-03
  -3.5901454e-02
   0.0000000e+00
   0.0000000e+00
   0.0000000e+00
   0.0000000e+00
   0.0000000e+00
   0.0000000e+00
   0.0000000e+00
   0.0000000e+00
   0.0000000e+00
  -7.0297043e-02
   0.0000000e+00
   0.0000000e+00
   0.0000000e+00
   0.0000000e+00
   0.0000000e+00
  -1.5124982e-01
   0.0000000e+00
   0.0000000e+00
  -1.8597406e-04
   0.0000000e+00
   0.0000000e+00
   0.0000000e+00
   4.1558670e-01
   0.0000000e+00
   6.7307948e-02
   0.0000000e+00
   1.3806626e-01
  -5.2572431e-02
   0.0000000e+00
   1.7935581e-01
   0.0000000e+00
   0.0000000e+00
  -4.8715372e-02
   0.0000000e+00
   1.7793541e-01
   8.9458601e-02
   0.0000000e+00
  -2.2168287e-02
   0.0000000e+00
   0.0000000e+00
  -1.5598828e-01
   0.0000000e+00
   8.3594054e-02
   9.3724694e-02
   0.0000000e+00
   0.0000000e+00
  -1.3729728e-01
   0.0000000e+00
   0.0000000e+00
   0.0000000e+00
   0.0000000e+00
   0.0000000e+00
   0.0000000e+00
   0.0000000e+00
   0.0000000e+00
   0.0000000e+00
   0.0000000e+00
   0.0000000e+00
   1.2782195e-01
   0.0000000e+00
   0.0000000e+00
   0.0000000e+00
   0.0000000e+00
   0.0000000e+00
   0.0000000e+00
  -6.0109722e-02
   0.0000000e+00
  -6.4445485e-02
   0.0000000e+00
   0.0000000e+00
   4.3491139e-01
  -2.7946936e-02
   0.0000000e+00
   0.0000000e+00
   1.9193381e-01
   2.5280585e-01
   0.0000000e+00
   0.0000000e+00
   5.0108764e-04
   0.0000000e+00
   0.0000000e+00
   0.0000000e+00
   0.0000000e+00
  -9.2073829e-02
   0.0000000e+00
  -1.3720960e-01
   0.0000000e+00
  -3.3170961e-02
   0.0000000e+00
  -2.5479965e-02
   0.0000000e+00
   0.0000000e+00
  -7.5365403e-02
   0.0000000e+00
   0.0000000e+00
   0.0000000e+00
   0.0000000e+00
   0.0000000e+00
   4.4738863e-01
   0.0000000e+00
  -7.4120386e-02
  -3.6427206e-01
   0.0000000e+00
   0.0000000e+00
   0.0000000e+00
   0.0000000e+00
   0.0000000e+00
   0.0000000e+00
   3.4621139e-01
   0.0000000e+00
   0.0000000e+00
   0.0000000e+00
   0.0000000e+00
  -5.4628119e-02
   0.0000000e+00
   0.0000000e+00
   3.6431832e-01
   2.9874117e-02
   7.2361078e-02
   0.0000000e+00
   0.0000000e+00
  -7.2987697e-02
  -6.5998738e-02
   0.0000000e+00
   6.9213230e-02
   0.0000000e+00
   0.0000000e+00
   0.0000000e+00
   0.0000000e+00
   0.0000000e+00
   0.0000000e+00
   0.0000000e+00
   0.0000000e+00
   0.0000000e+00
   0.0000000e+00
   0.0000000e+00
   0.0000000e+00
  -9.7799566e-02
   8.5937901e-04
   0.0000000e+00
   2.9340457e-02
   0.0000000e+00
  -8.1473038e-02
   0.0000000e+00
   0.0000000e+00
   0.0000000e+00
   0.0000000e+00
   0.0000000e+00
   0.0000000e+00
   0.0000000e+00
   0.0000000e+00
   0.0000000e+00
   0.0000000e+00
   3.7711153e-02
   0.0000000e+00
   0.0000000e+00
   0.0000000e+00
   0.0000000e+00
   0.0000000e+00
  -2.1066226e-01
   5.7600546e-02
  -1.3520665e-01
   0.0000000e+00
   0.0000000e+00
   0.0000000e+00
   0.0000000e+00
   0.0000000e+00
  -1.9242062e-01
   0.0000000e+00
   0.0000000e+00
   0.0000000e+00
   2.1634198e-01
  -3.4543713e-01
   2.4534785e-01
   0.0000000e+00
  -6.1936678e-02
   0.0000000e+00
   0.0000000e+00
   0.0000000e+00
   0.0000000e+00
   0.0000000e+00
   0.0000000e+00
   0.0000000e+00
   0.0000000e+00
   0.0000000e+00
   0.0000000e+00
   0.0000000e+00
   0.0000000e+00
   1.1210911e-01
  -2.1182112e-02
  -1.7793378e-02
  -1.1625305e-01
   0.0000000e+00
   0.0000000e+00
   0.0000000e+00
   0.0000000e+00
   0.0000000e+00
   0.0000000e+00
   0.0000000e+00
   0.0000000e+00
   1.5566506e-01
  -2.3222986e-01
   1.1400615e-01
   0.0000000e+00
   0.0000000e+00
   0.0000000e+00
   0.0000000e+00
  -1.4877873e-02
  -9.8668748e-02
   0.0000000e+00
   0.0000000e+00
   0.0000000e+00
   0.0000000e+00
   1.7090651e-01
   0.0000000e+00
   0.0000000e+00
   0.0000000e+00
  -7.0088220e-02
   0.0000000e+00
   1.1605617e-01
  -5.5202516e-02
   1.0842221e-01
   0.0000000e+00
   0.0000000e+00
   0.0000000e+00
   0.0000000e+00
   0.0000000e+00
   5.4666969e-02
   6.4984544e-01
   0.0000000e+00
   0.0000000e+00
   0.0000000e+00
   0.0000000e+00
   0.0000000e+00
  -6.3323379e-02
   0.0000000e+00
   7.8187981e-02
   0.0000000e+00
  -5.3814444e-02
   1.7849720e-02
   0.0000000e+00
   0.0000000e+00
   0.0000000e+00
   0.0000000e+00
   0.0000000e+00
  -1.4371772e-01
   0.0000000e+00
   0.0000000e+00
   0.0000000e+00
   0.0000000e+00
   0.0000000e+00
   0.0000000e+00
   4.4894485e-02
   0.0000000e+00
   0.0000000e+00
   0.0000000e+00
   0.0000000e+00
   0.0000000e+00
   0.0000000e+00
   0.0000000e+00
   0.0000000e+00
   0.0000000e+00
   0.0000000e+00
   0.0000000e+00
   0.0000000e+00
   0.0000000e+00
   0.0000000e+00
   2.8867321e-02
   1.1863135e-01
   0.0000000e+00
   0.0000000e+00
   0.0000000e+00
   0.0000000e+00
   0.0000000e+00
   0.0000000e+00
   6.8207774e-02
   0.0000000e+00
   0.0000000e+00
   0.0000000e+00
   0.0000000e+00
   0.0000000e+00
   1.2581468e-01
   2.4945012e-02
   0.0000000e+00
   0.0000000e+00
   0.0000000e+00
  -8.0160888e-02
  -8.4399278e-02
   0.0000000e+00
   0.0000000e+00
   0.0000000e+00
   0.0000000e+00
   0.0000000e+00
   0.0000000e+00
  -9.7781052e-02
   0.0000000e+00
   4.0465165e-01
   0.0000000e+00
   0.0000000e+00
   0.0000000e+00
   0.0000000e+00
   0.0000000e+00
   0.0000000e+00
  -1.4744204e-01
   0.0000000e+00
  -2.9319843e-01
   0.0000000e+00
   0.0000000e+00
   0.0000000e+00
   0.0000000e+00
   1.0832976e-01
   0.0000000e+00
   1.0323354e-01
  -5.7479123e-02
   0.0000000e+00
   8.9564779e-02
   0.0000000e+00
   0.0000000e+00
  -2.1018056e-02
   5.0393034e-02
  -7.6986433e-02
   0.0000000e+00
   0.0000000e+00
   7.4092489e-03
   0.0000000e+00
  -2.7901515e-02
   0.0000000e+00
   0.0000000e+00
   0.0000000e+00
  -4.4285131e-02
   0.0000000e+00
   0.0000000e+00
   0.0000000e+00
   0.0000000e+00
   0.0000000e+00
   1.0234669e-01
   0.0000000e+00
   0.0000000e+00
   0.0000000e+00
   0.0000000e+00
  -3.4292928e-01
   0.0000000e+00
   0.0000000e+00
   0.0000000e+00
   0.0000000e+00
   0.0000000e+00
   0.0000000e+00
   0.0000000e+00
   0.0000000e+00
   0.0000000e+00
   0.0000000e+00
   0.0000000e+00
   0.0000000e+00
   0.0000000e+00
   0.0000000e+00
   0.0000000e+00
   0.0000000e+00
   1.8086833e-01
   0.0000000e+00
   0.0000000e+00
   1.7599492e-02
  -2.1541541e-01
  -4.5268406e-02
   0.0000000e+00
  -5.8019192e-02
   1.6636341e-01
   1.3644413e-01
  -6.2632994e-02
   0.0000000e+00
   0.0000000e+00
   0.0000000e+00
   4.8189795e-02
   0.0000000e+00
  -2.4240349e-01
   0.0000000e+00
   0.0000000e+00
   0.0000000e+00
   0.0000000e+00
   0.0000000e+00
  -4.2558330e-02
   0.0000000e+00
   0.0000000e+00
   0.0000000e+00
   1.8258376e-01
   0.0000000e+00
   0.0000000e+00
   0.0000000e+00
